Line1
51 144 157 63 96 63 41 127 133 159 74 73 33 162 42 38 71 167 163 78
Line2
30 55 106 36 126 32 127 85 105 161 84 79 84 36 47 149 81 25 86 96
Line3
34 143 126 106 140 61 160 92 134 151 169 0 124 12 68 0 108 20 86 21
Line4
12 135 101 36 142 25 190 43 34 73 178 41 86 177 188 75 28 96 57 66
Line5
32 162 37 34 149 41 30 22 91 61 47 23 135 119 75 92 86 179 140 186
Line6
175 51 23 36 13 17 102 143 77 181 162 4 170 148 122 128 171 153 156 65
Line7
78 117 95 110 171 75 51 137 40 174 54 161 180 27 147 183 193 139 89 66
Line8
163 17 37 158 32 154 197 152 59 82 51 44 193 2 154 7 191 119 159 41
Line9
62 15 103 146 157 141 161 101 129 116 80 73 186 63 136 28 21 119 122 131
Line10
178 134 197 117 169 0 139 53 14 121 85 142 14 113 156 41 133 140 109 137
